4
39
39
5,10,15,39
5,1
1,2
2,39
39,3
3,4
4,5
6,7
7,10
10,8
8,9
9,6
11,12
12,13
13,14
14,15
15,11
16,17
17,18
18,19
19,20
20,21
21,22
22,23
23,24
24,25
25,26
26,27
27,28
28,29
29,30
30,31
31,32
32,33
33,34
34,35
35,36
36,37
37,38
38,16
1,0,0,0
2,60,0,0
3,60,0,10
4,0,0,10
5,0,0,5
6,0,0,30
7,60,0,30
8,60,0,40
9,0,0,40
10,60,0,35
11,0,0,50
12,60,0,50
13,60,0,60
14,0,0,60
15,0,0,55
16,1,-5,25
17,11,-5,25
18,11,7,25
19,11,7,35
20,21,7,35
21,21,-5,35
22,21,-5,25
23,41,-5,25
24,41,-5,55
25,51,-5,55
26,51,7,55
27,51,7,45
28,51,-5,45
29,51,-5,25
30,61,-5,25
31,61,-5,19
32,41,-5,19
33,41,7,19
34,41,7,5
35,31,7,5
36,31,-5,5
37,31,-5,19
38,1,-5,19
39,60,0,5
5,tin
10,cout
15,cin
39,tout