8
34
30
8, 9, 14, 16, 18, 19, 20, 30
1,8
8,2
2,9
9,3 
3,4
4,7 
7,5 
5,6 
6,2 
5,1
10,11 
11,12 
11,16 
16,17
17,15 
15,14 
14,13 
13,10
13,18 
18,21 
21,22 
22,19 
19,15 
17,20 
20,23 
23,29
29,28 
28,25 
25,26 
24,25 
24,27 
21,27
12,30 
30,26
1,1,5,1
2,1,5,3
3,3,5,3
4,3,5,1
5,1,1,1
6,1,1,3
7,3,1,1
8,1,5,2
9,2,5,3
10,0,6,2
11,4,6,2
12,6,6,2
13,0,4,2
14,1,4,2
15,2,4,2
16,4,5,2
17,4,4,2
18,0,4,1
19,2,4,1
20,4,4,1
21,0,4,0
22,2,4,0
23,4,4,0
24,0,2,2
25,2,2,2
26,6,2,2
27,0,2,0
28,2,2,0
29,4,2,0
30,6,4,2				
8,B
9,Y
14,V 
16,R
18,I
19,G
20,O
30,out
